lB = 7
hb_N= 0
hb_N= 22637
cM_crwd[0]= 0.000000
cM_crwd[1]= 0.000000
cM_crwd[2]= 0.050000
N_crwd[0]= 0
N_crwd[1]= 945
N_crwd[2]= 1290
